**************************************************
Eigen values for Reduced model using CB method
**************************************************
0.000277445 0.000277445 0.000277445 0.000277445 0.000277445
0.00224794 0.00224794 0.00224794 0.00224794 0.00224794
163.471 163.471 163.471 163.471 163.471
175.053 175.049 175.047 175.047 175.047
180.6 180.596 180.595 180.589 180.587
520.977 520.954 520.946 520.94 520.938
1586.78 1586.26 1586.11 1585.42 1585.2
1831.09 1830.96 1830.95 1830.94 1830.94
2006.63 2006.54 2006.45 2006.42 2006.41
4012.48 4011.55 4011.26 4009.4 4009.21
*************************************************
Eigen values for Reduced model using CC mode
***********************************************
0.000277445 0.000277445 0.000277445 0.000277445 0.000277445
0.00224794 0.00224794 0.00224794 0.00224794 0.00224794
163.557 163.472 163.471 163.471 163.471
175.08 175.05 175.048 175.047 175.047
180.618 180.603 180.596 180.589 180.587
521.225 520.972 520.953 520.942 520.939
1640.44 1617.96 1586.45 1585.54 1585.21
2008.79 1834.69 1831.13 1830.97 1830.95
2180.35 2010.82 2006.87 2006.52 2006.44
4060.45 4038.89 4014.58 4010.27 4009.36
*************************************************
Eigen values for full dof system
*************************************************
-8.85252e-11
9.2152e-11
163.444
175.004
180.587
520.736
1585.15
1827.74
2004.94
4009.09
**************************************************
Error b/w Eigen values for CB and Full DOF system
***********************************************
-0.000277445 -0.000277445 -0.000277445 -0.000277445 -0.000277445
-0.00224794 -0.00224794 -0.00224794 -0.00224794 -0.00224794
-0.0266519 -0.0265081 -0.0264849 -0.0264629 -0.0264602
-0.0490979 -0.0447295 -0.043536 -0.0427776 -0.042697
-0.0133996 -0.00980318 -0.00866774 -0.00252205 -0.000865945
-0.240991 -0.217507 -0.209524 -0.204026 -0.202201
-1.62719 -1.10731 -0.954841 -0.266356 -0.0410617
-3.35433 -3.22336 -3.21536 -3.20271 -3.19944
-1.68782 -1.59884 -1.51349 -1.47998 -1.47381
-3.39131 -2.46487 -2.17513 -0.31734 -0.126813
***********************************************
Error b/w Eigen values for ROM and Full DOF system
***********************************************
-0.000277445 -0.000277445 -0.000277445 -0.000277445 -0.000277445
-0.00224794 -0.00224794 -0.00224794 -0.00224794 -0.00224794
-0.112571 -0.0275914 -0.0270122 -0.0265964 -0.0264758
-0.0757428 -0.0460755 -0.0441279 -0.0429095 -0.0427246
-0.0317141 -0.016176 -0.00930889 -0.00265947 -0.000896021
-0.488711 -0.235933 -0.216609 -0.205923 -0.202791
-55.2889 -32.8089 -1.29857 -0.386718 -0.0521595
-181.052 -6.95204 -3.38913 -3.2359 -3.21545
-175.409 -5.88252 -1.92535 -1.57927 -1.50235
-51.3611 -29.8042 -5.4944 -1.18508 -0.271308
***********************************************
